0.310228034905 0.0341997015358 0.0345966101888 0.105319599818 0.0546319014387 0.0894897887845 0.049543223712 0.00943455344928 
ejected 0.0339210382156 0.0341084638111 0.105149863714 0.0530015296151 0.0977713534991 0.0473709220628 0.0124988965199 
0.33493374899 0.0311227120841 0.0281740483366 0.10576777219 0.0525312521687 0.0845700826882 0.0571648774229 0.0155955197202 
ejected 0.0345778035263 0.0348721963505 0.103522280285 0.0580789716375 0.0897944405083 0.0604890819295 0.0167792193482 
0.326414474132 0.029950645807 0.0336246756314 0.105542008624 0.0529325440985 0.0924719707399 0.0581928691279 0.00920729445597 
0.348903399225 0.0319881021726 0.0349336979373 0.102537359588 0.0634876699999 0.0985350904457 0.056558330553 0.0148955334892 
0.384887029683 0.0335064422757 0.0310823344058 0.10344467689 0.0566330682658 0.0892191152562 0.0565019695162 0.0130096262681 
0.344905067508 0.025105088836 0.0300166333893 0.105081153971 0.0581979294273 0.0869183076615 0.0579120011378 0.0181716512312 
0.340462751935 0.0239807613106 0.0280870937729 0.102535672265 0.0652451247314 0.0896094934918 0.0516332747293 0.0170256857831 
0.353041864322 0.0346978781105 0.0343612540303 0.104142884661 0.0583954019563 0.104129351382 0.0566680860973 0.0124987090722 
0.359624845994 0.0311908962358 0.0338198390686 0.106190612225 0.0729541948794 0.123129668861 0.0533971418689 0.0112024382976 
0.294275177535 0.0340543020648 0.0283237073095 0.105008100916 0.0613800471781 0.0943778131773 0.0489196549143 0.0159228097787 
0.340416980849 0.0365073947131 0.0279660985327 0.104103012999 0.0594721099916 0.0922406357757 0.0796466756266 0.0286872204876 
0.339904989704 0.0351027785408 0.0276961981977 0.103029033824 0.064509390212 0.099850741167 0.0560690100438 0.0228778404672 
0.349094809058 0.0271681340074 0.0337881295127 0.104088025423 0.0588926935463 0.0931982191284 0.0547631473732 0.0143378818656 
0.346990838033 0.0337984981757 0.034586221791 0.105438277153 0.0520751635088 0.0846035461477 0.0561788790612 0.0156043379795 
0.364773223882 0.0347717251147 0.0333494473841 0.103986198804 0.062799220395 0.0969299281197 0.0503878129471 0.00800999256987 
ejected 0.0293230783334 0.0328551583923 0.105379781323 0.0535520655366 0.0802607860276 0.0636327486172 0.0144078016109 
0.342630428755 0.036720383541 0.0303707538039 0.105774699653 0.0697579978075 0.0935404907972 0.0698539555352 0.0156050952737 
0.334577672074 0.0333212251814 0.0325982708204 0.104112332847 0.0721909360947 0.116936130422 0.055156128868 0.0130317325337 
0.244890800208 0.0313677147069 0.0327905691183 0.105068669603 0.0541562883488 0.0830927898646 0.0574390575436 0.0158911219922 
0.323048907578 0.034865546029 0.0280594781314 0.104723049013 0.0529439837496 0.0939064096298 0.055543376031 0.0072017245996 
0.328541275836 0.0227002554528 0.0289360873148 0.103287906133 0.0619098814599 0.0964102164452 0.0565357916729 0.00594843986205 
0.372488535729 0.0294730121689 0.0285921282664 0.105267806609 0.0617216317116 0.0942045777832 0.0580977009228 0.012711658888 
0.337623651817 0.0321149720913 0.0343362735492 0.105511773177 0.0617461335586 0.0967467684579 0.0505218573071 0.00967756186347 
0.339697571736 0.0366939969067 0.0340886941051 0.106711468553 0.0589132984329 0.090831176159 0.062914607654 0.0194988726941 
0.331589658328 0.0346776273609 0.0349578558111 0.104385834731 0.0689049411974 0.0794515482266 0.0553444254529 0.0172816999819 
0.364836811912 0.036614060651 0.0301461323031 0.102943377508 0.0612384401822 0.0973730856357 0.0592919427227 0.0102843058733 
0.356825255601 0.0333800360847 0.035025245392 0.104415839745 0.0608726775772 0.094882497233 0.0571418553549 0.0101545993207 
0.361855070632 0.0297134911843 0.0355533922871 0.105810258565 0.0579060881956 0.0908969735137 0.0575006135071 0.0176072360515 
0.345046390459 0.0312631523816 0.0320818031183 0.103683709417 0.0606105382609 0.0949643314316 0.0614267210218 0.0214301748544 
0.33132928515 0.0242446813629 0.0354112573539 0.105312661885 0.0607846118982 0.0934454971305 0.0586603867943 0.019721837687 
0.345159072054 0.0348128194844 0.0350072232328 0.104462294359 0.0526092541825 0.0972820758287 0.0523950537917 0.00970687840291 
0.350521893632 0.0274412501345 0.0299663907884 0.106052450571 0.0634029536101 0.0967919436503 0.0613469470599 0.0153560041409 
0.326414474132 0.029950645807 0.0336246756314 0.105542008624 0.0529325440985 0.0924719707399 0.0581928691279 0.00920729445597 
0.33905739611 0.0369208645814 0.0352672768203 0.102068182133 0.0594393702699 0.0928122561201 0.0521053397941 0.0203194529927 
0.347138747769 0.0320074529134 0.0293129843231 0.105093255068 0.0564660302321 0.0857075336055 0.0576974957097 0.0124135333352 
0.344905067508 0.025105088836 0.0300166333893 0.105081153971 0.0581979294273 0.0869183076615 0.0579120011378 0.0181716512312 
ejected 0.0350835962205 0.0332347991565 0.106659559967 0.0615686190305 0.0959848478133 0.0560506796276 0.0197297087665 
0.339505357736 0.03147853593 0.0316923361037 0.103764610249 0.0597607486095 0.0915890686956 0.0567665167109 0.0108710167529 
0.326295977282 0.0275948898589 0.0343752011063 0.106038485106 0.0637753424729 0.0995828824063 0.0583366184847 0.012654138538 
0.362829321332 0.0361567097862 0.0347303432334 0.104560083127 0.0630644597717 0.101434891689 0.0545875601324 0.0142573495613 
0.357337587614 0.0318110241019 0.03467624354 0.106353444675 0.0545727702103 0.0875563370485 0.057143235647 0.0168611508716 
ejected 0.0320045817862 0.0285578177888 0.105673450516 0.064280017591 0.116170906214 0.0632165001849 0.0142681209561 
0.254494921211 0.0249418253536 0.0295943755644 0.106007400399 0.0523137757993 0.082676239888 0.0610633575269 0.0106295261321 
0.316689650439 0.0303876354202 0.0310293584835 0.105694250345 0.0630497254269 0.0961617419736 0.0527838780644 0.0139272946403 
0.364147661753 0.0341876284657 0.035335081598 0.102964978802 0.0692058490379 0.116025586878 0.0535405309526 0.008384515776 
ejected 0.029810297768 0.0348549226404 0.106418425288 0.0562558159387 0.0859922639207 0.0840621258069 0.0235448798186 
0.292089659623 0.0233133496529 0.0337449268863 0.105691064487 0.0616579254986 0.0939041129699 0.0487727635849 0.0111028381905 
ejected 0.0346896558652 0.0303388491995 0.106790408108 0.0621192156501 0.0966866719174 0.0538171148482 0.00670772047154 
